0, 131.42, -245.77, 1, 1
1, 131.76, -252.18, 2, 0, 2
2, 84, -255.22, 2, 1, 3
3, 74.2, -123.36, 2, 2, 10
4, 71.73, -87.27, 2, 5, 10
5, 68.7, -60.63, 2, 4, 37
6, 3.27, -60.97, 2, 7, 37
7, -0.77, -39.05, 3, 6, 8, 24
8, -28.09, -40.06, 2, 7, 9
9, -30.11, -33.31, 1, 8
10, 72.8355, -102.09, 3, 3, 4, 11
11, -102.367, -116.97, 2, 10, 22
12, -142.654, -136.388, 2, 13, 21
13, -135.788, -217.008, 2, 12, 17
14, -182.962, -347.682, 2, 15, 20
15, -118.304, -339.951, 2, 14, 16
16, -119.182, -334.855, 1, 15
17, -134.198, -238.164, 2, 13, 18
18, -174.138, -243.908, 2, 17, 23
19, -177.963, -306.587, 2, 20, 23
20, -184.873, -323.188, 2, 14, 19
21, -135.949, -129.772, 2, 12, 22
22, -123.049, -123.273, 2, 11, 21
23, -176.5, -300.437, 2, 18, 19
24, 3.33429, -33.5264, 2, 7, 25
25, 5.3863, -28.0142, 2, 24, 26
26, 12.404, -25.4693, 2, 25, 27
27, 12.2436, 0.158996, 2, 26, 28
28, 16.1247, 1.40994, 2, 27, 29
29, 15.7398, 17.7043, 2, 28, 30
30, 41.6889, 18.7307, 2, 29, 31
31, 44.8002, 19.5647, 2, 30, 32
32, 44.5016, 59.9047, 2, 31, 34
33, 41.0482, 72.4751, 2, 34, 35
34, 41.3507, 62.9779, 2, 32, 33
35, 46.3997, 71.235, 2, 33, 40
36, 51.4488, 57.8173, 2, 40, 41
37, 59.2851, -59.5409, 3, 5, 6, 38
38, 67.4851, -52.6742, 2, 37, 43
39, 93.5795, 7.26194, 1, 44
40, 50.6333, 62.4078, 2, 35, 36
41, 55.0412, 54.4387, 2, 36, 42
42, 58.1256, 57.6175, 1, 41
43, 65.872, -2.93065, 2, 38, 44
44, 88.9846, -2.03918, 2, 39, 43
