8.598091, -0.706284, -3.529700, -1.003263
8.620061, -0.743400, 8.758538, -5.992400
8.768008, -6.001600, 8.944192, -6.001600
9.005440, -6.119480, 9.844759, -22.379274
17.158651, 3.849300, 17.224350, 2.259900
17.756552, 2.281300, 17.822350, 0.811500
17.517176, 0.620400, 17.556725, -0.809600
17.566025, -0.817972, 17.853374, -0.793028
17.879974, -2.519700, 17.645725, -2.519700
17.725424, -4.114200, 17.999575, -4.114200
18.032375, -5.747852, 17.506624, -5.780448
17.498026, -5.790179, 17.592373, -7.263621
14.607251, -11.671206, 14.780548, -16.359875
14.771691, -16.368649, 14.500210, -16.357752
14.491271, -16.366526, 14.537127, -17.739574
14.653479, -17.792625, 14.687922, -19.733675
14.619027, -19.751925, 14.699173, -21.217676
16.143427, -21.260624, 16.461273, -27.554075
16.488926, -28.170324, 16.899773, -35.579975
9.775294, -22.209051, 7.886680, -22.298149
6.718900, -22.222149, 7.785300, -22.181452
6.672921, -22.347427, 3.747700, -22.491474
0.939700, -22.592350, -14.426491, -23.285648
1.001200, -22.595976, 1.001200, -22.247625
-14.869991, -31.422150, -6.075800, -31.040951
6.853080, -46.348648, 11.884492, -46.088150
6.844452, -46.416126, 7.104548, -50.489975
-15.512209, -47.945553, -23.910275, -48.380150
-15.503000, -48.012325, -15.503000, -48.922775
-7.840740, -48.621826, -7.783660, -49.706375
-14.500810, -23.272451, -27.177475, -23.875750
-2.736248, -48.077423, -1.964052, -61.230076
-7.893579, -46.159451, -23.390375, -46.932049
16.944124, -35.549198, 19.535875, -35.381401
19.545527, -35.389824, 20.076174, -44.699974
12.027125, -50.169426, 12.222972, -53.469875
12.232363, -53.481457, 16.939451, -54.714043
-0.554200, -63.154152, -4.135800, -63.265949
-1.669549, -65.384727, -1.473551, -69.725777
-1.463921, -69.734200, -0.244900, -69.623100
-0.431948, -70.503426, -0.095552, -76.503777
8.951409, -69.181999, 41.255875, -67.367500
20.072351, -44.778725, 20.498749, -54.683075
20.584024, -54.755348, 28.320776, -54.315453
28.330427, -54.324226, 28.476274, -56.832275
29.356346, -56.802876, 29.271654, -56.380524
33.032455, -56.203873, 33.145042, -56.597626
34.028000, -56.450375, 33.853203, -54.059826
45.470749, -65.290276, 45.443253, -64.772728
71.833504, -44.028725, 72.317902, -55.244476
72.076401, -55.566326, 74.139702, -84.331474
43.653503, -67.231323, 43.981796, -71.874977
43.135502, -71.940323, 43.251900, -73.782173
43.261726, -73.790596, 44.043976, -73.744904
43.614826, -79.347900, 44.467773, -79.347900
44.501102, -79.357025, 44.617496, -80.751472
54.566998, -100.407776, 54.065403, -92.760727
54.055576, -92.752304, 45.881626, -93.301895
45.456177, -92.824203, 44.636024, -92.918594
45.146099, -88.923279, 44.898300, -85.604126
44.888474, -85.595703, 44.039925, -85.659401
44.744846, -83.082878, 44.638653, -82.256027
43.867249, -82.313576, 43.685154, -80.771523
74.070702, -84.483025, 74.228699, -86.979874
78.304504, -94.330826, 79.258194, -99.519875
91.588722, -122.367897, 93.472275, -122.267403
98.158775, -121.894608, 96.241325, -122.163498
91.735825, -124.271896, 92.448174, -124.201698
92.458000, -124.210121, 92.771797, -127.701775
92.720375, -127.697906, 92.079628, -127.781097
92.028198, -127.863228, 92.213097, -129.806976
93.250473, -133.170502, 92.480728, -133.310989
92.472305, -133.322220, 92.642799, -135.136276
94.102173, -140.132004, 93.587029, -140.229202
93.578606, -140.240433, 93.660599, -141.270874
94.435577, -142.882309, 93.820427, -142.962799
95.267776, -162.847107, 94.723923, -162.906799
95.867477, -168.206604, 95.136124, -168.316299
95.127701, -168.327530, 95.276199, -170.181778
96.454979, -173.675598, 95.544922, -173.748001
95.536499, -173.784332, 95.685699, -175.821869
93.749702, -145.944519, 93.848198, -147.214279
94.956573, -150.911911, 94.103226, -150.999893
70.976402, -179.605331, 71.754196, -186.926071
71.007576, -179.554504, 68.770424, -179.390503
67.726974, -179.308502, 64.505623, -179.472504
100.818802, -122.254372, 100.740402, -121.538628
100.748825, -121.528801, 102.661575, -121.370605
105.414902, -122.062874, 105.384399, -121.634323
105.392822, -121.624496, 106.395874, -121.514198
108.127899, -121.967178, 108.065399, -121.347122
110.889000, -121.786674, 110.849205, -121.227928
113.589302, -121.477577, 113.589302, -120.939423
114.290703, -118.837425, 114.433495, -120.859375
95.705223, -175.593948, 97.798775, -175.433746
100.198799, -174.444626, 100.243797, -175.190781
100.253624, -175.200607, 102.091873, -175.107697
104.747902, -174.050125, 104.861099, -174.958679
104.871628, -174.968506, 106.802673, -174.875702
71.527504, -187.214722, 71.864899, -189.641479
72.114502, -193.928421, 72.360497, -198.703171
72.423805, -198.846634, 72.793594, -203.095566
72.794998, -203.641022, 73.195702, -207.766266
73.907799, -216.663422, 74.309898, -227.439072
100.832703, -195.634323, 100.995399, -196.745880
100.989784, -196.759918, 100.702919, -196.974289
100.696602, -196.989731, 100.800499, -197.902878
100.806816, -197.919724, 101.081383, -198.266785
101.158089, -199.365417, 100.940811, -199.769775
101.033218, -200.642822, 101.170982, -200.794281
101.352890, -202.102112, 101.122017, -202.449081
101.196609, -203.216827, 101.383690, -203.545975
101.418701, -203.564224, 101.492500, -204.718079
99.237877, -214.660095, 98.330124, -214.494598
98.318893, -214.501617, 98.142708, -215.374680
96.377083, -214.653717, 95.454521, -215.198486
95.451714, -215.211121, 95.826683, -215.819580
94.680679, -217.110596, 94.000023, -216.794312
93.988792, -216.798523, 93.681709, -217.647583
94.644577, -219.488113, 93.927925, -219.804382
93.923714, -219.817017, 94.275986, -220.545776
99.322678, -221.111618, 98.666122, -221.427887
98.660591, -221.440521, 98.931412, -222.181381
96.154488, -221.404327, 95.867706, -222.073074
100.594589, -219.037430, 100.340408, -219.722473
100.345322, -219.751404, 101.111977, -220.069489
93.718521, -217.773407, 94.532776, -217.933899
94.288521, -220.672089, 94.876976, -220.275223
96.829407, -222.317978, 97.004692, -221.567627
100.655426, -218.935211, 101.356880, -219.253296
100.048714, -216.701721, 100.543488, -217.389587
101.295792, -217.061676, 100.863510, -216.246017
100.851578, -216.241806, 100.181419, -216.657791
99.256691, -214.776917, 98.984810, -215.625183
95.921524, -215.841583, 96.671974, -215.441910
94.686798, -217.176529, 94.527702, -217.828873
99.352112, -221.158127, 99.722290, -221.764572
96.232124, -221.372910, 96.951172, -221.564987
94.660606, -219.508621, 94.980392, -220.229080
101.421989, -219.294418, 101.159805, -220.046280
103.690399, -234.078629, 103.771301, -235.282379
103.767792, -235.335922, 103.588013, -235.671982
103.584503, -235.690231, 103.618401, -236.164673
103.890404, -236.572525, 103.971298, -237.846970
103.967087, -237.865219, 103.718117, -238.271881
103.766617, -238.922516, 104.059784, -239.214386
104.066803, -239.231232, 104.124298, -240.187973
104.690399, -225.858521, 104.725998, -226.421066
104.720383, -226.437912, 104.465019, -226.701080
104.459404, -226.717926, 104.476501, -227.095673
104.801300, -227.355530, 104.873795, -228.426270
104.869583, -228.443115, 104.611412, -228.826477
104.706619, -229.171814, 104.922279, -229.308380
104.930702, -229.323822, 104.984695, -229.830872
74.980972, -263.444305, 72.178528, -263.715302
105.684700, -268.664062, 105.350204, -265.570923
105.499794, -265.402283, 105.415901, -264.779816
105.422218, -264.765778, 105.623482, -264.625305
105.304428, -260.740204, 107.269272, -260.577698
109.909927, -260.350098, 111.733871, -260.220093
114.385422, -260.035797, 116.350273, -259.894989
105.374405, -240.836731, 105.391602, -241.152374
105.635201, -241.321030, 105.745499, -242.642578
105.942680, -243.735611, 105.624222, -243.841797
105.622116, -244.177521, 105.749184, -244.312576
105.784081, -244.329422, 105.792221, -244.542572
105.663101, -244.664734, 105.680298, -244.896469
114.595001, -259.697479, 114.382805, -257.029633
112.245522, -260.377106, 114.464478, -260.234711
107.242126, -260.600800, 109.766174, -260.417786
107.283127, -245.807495, 146.779877, -243.045303
106.002502, -270.252014, 106.094795, -271.453583
106.086372, -271.464813, 105.785927, -271.552979
105.741409, -272.060913, 105.924698, -272.859467
106.555405, -277.168915, 106.750900, -280.526184
76.391701, -294.234222, 76.574997, -297.132874
76.299675, -294.123108, 74.654823, -294.225800
116.822021, -257.714813, 117.819077, -257.679810
121.415794, -256.866180, 121.399704, -256.620514
121.408127, -256.577087, 124.225578, -256.349487
117.612625, -259.797485, 123.523575, -259.363708
123.109299, -258.309570, 123.043999, -257.291809
123.630821, -259.374786, 128.484375, -259.052185
124.344002, -256.392914, 124.532394, -259.071167
128.980530, -258.982605, 131.186874, -258.802704
131.199509, -258.811127, 131.418686, -259.592468
133.119202, -259.491272, 133.119202, -258.518829
133.072830, -258.510406, 133.480377, -258.487915
133.758621, -258.667786, 135.391571, -258.566589
135.650024, -258.725891, 143.913071, -258.316315
57.053204, -64.198822, 57.088799, -64.587677
57.080376, -64.597504, 45.533924, -65.225197
14.169190, -35.625153, 6.291200, -35.978748
-6.032479, -33.687450, -15.036593, -34.130550
-23.523624, -46.904350, -29.255674, -47.211750
-29.265501, -47.202976, -29.435198, -44.927925
-29.445024, -44.919151, -34.492474, -45.192249
-37.506725, -24.701801, -39.433277, -24.832897
-39.442402, -24.842724, -39.442402, -26.062075
-42.712749, -26.345524, -42.580853, -29.686375
-42.573833, -29.701992, -42.366169, -29.910007
-42.324425, -30.492329, -42.969173, -30.578272
73.800400, -216.350571, 73.196404, -207.862228
72.173897, -193.987869, 71.954704, -190.036423
-62.108299, -34.595325, -61.627502, -41.810677
-61.519249, -43.275623, -61.091251, -51.669876
-33.954277, -27.685774, -29.020424, -27.421827
-28.405876, -27.403997, -26.453224, -27.239801
-25.944298, -23.972025, -25.700901, -27.237076
-26.292576, -27.423073, -25.823425, -27.394127
-26.344959, -27.411701, -26.398741, -27.268599
-28.385509, -27.434425, -28.377392, -27.555775
-28.385925, -27.565601, -28.839975, -27.599098
6.051079, -31.066973, 13.965489, -30.661827
13.975227, -30.670425, 14.260875, -35.526474
42.497650, -49.437477, 41.244949, -26.128025
42.419273, -49.446953, 40.000324, -49.585548
39.991199, -49.595024, 39.991199, -50.203476
39.942776, -50.168449, 37.903423, -50.269348
40.155804, -52.209423, 40.281498, -53.588276
144.041428, -258.303101, 158.839676, -257.431488
158.849503, -257.439911, 159.267899, -265.058563
186.457703, -226.435425, 187.224701, -237.482574
191.047104, -223.116425, 191.366806, -228.013275
192.403900, -242.781830, 192.814499, -249.214279
191.876007, -235.332733, 192.169296, -239.829468
193.811600, -249.644531, 193.987503, -251.971069
193.049103, -252.108032, 193.811600, -264.407288
213.695602, -215.741928, 213.988907, -220.590668
144.320297, -223.226166, 143.120499, -207.249023
144.438629, -223.170395, 151.832977, -222.445404
154.763733, -222.283401, 159.406281, -221.899597
159.417511, -221.906616, 159.505692, -222.435577
106.287521, -209.949692, 107.784073, -209.743607
110.309525, -209.531799, 111.649277, -209.377899
114.279228, -209.322891, 114.835472, -209.273499
117.047523, -208.957291, 118.387276, -208.803406
114.166306, -209.856430, 115.679596, -224.723175
105.190727, -225.671799, 115.671173, -224.838806
115.915207, -174.688019, 116.140297, -176.038681
109.363007, -173.263428, 109.529694, -174.101273
112.154404, -173.320419, 112.265594, -173.930374
114.888802, -172.979919, 114.944397, -173.530075
114.897224, -173.598297, 116.588478, -173.766495
102.010201, -192.049271, 102.010201, -190.359528
105.381226, -189.722794, 106.160774, -189.722794
109.256027, -189.494904, 110.035477, -189.437897
112.959824, -189.379593, 114.138275, -189.268402
116.435722, -188.923691, 117.614174, -188.755600
103.208206, -206.768921, 103.376297, -207.834778
103.433998, -208.878632, 103.378403, -209.656769
116.447304, -179.202225, 116.501396, -180.403580
116.780403, -186.251022, 116.889999, -187.396973
96.333298, -173.531570, 96.085304, -170.185333
95.834595, -167.984070, 95.586700, -164.700134
95.647598, -162.062576, 95.462006, -157.781326
95.452179, -157.771500, 94.847122, -157.771500
94.881721, -156.616608, 95.273972, -156.586594
95.282471, -156.575974, 95.220528, -154.953522
95.210777, -154.943695, 94.660622, -154.912094
94.565926, -153.836990, 95.147675, -153.745102
95.052872, -152.164703, 94.218521, -152.133102
93.934326, -147.175201, 94.737076, -147.175201
92.335724, -129.852997, 93.168678, -129.819000
93.970024, -144.016403, 94.530579, -144.016403
93.731628, -141.292694, 94.258179, -141.326706
92.744324, -135.131607, 93.304878, -135.196899
93.357124, -135.744507, 93.815575, -135.809799
93.885223, -145.738800, 94.576576, -145.612610
94.197899, -142.762772, 94.134804, -141.556625
94.068901, -140.117569, 93.747704, -135.814728
93.737877, -135.804901, 93.175522, -135.804901
93.092773, -135.224304, 92.852928, -135.224304
193.899399, -264.660126, 194.477997, -274.313263
79.530022, -99.734695, 83.734978, -99.167702
90.205421, -98.762695, 99.370972, -97.692902
99.389221, -97.690094, 104.046677, -96.938805
114.349724, -118.875893, 116.764977, -118.552605
104.756401, -96.767372, 104.793900, -93.074326
104.793198, -93.056076, 104.157303, -87.076225
112.713028, -97.000000, 116.181175, -96.515503
120.323128, -92.241905, 121.804375, -92.426498
122.122528, -92.802101, 125.778076, -92.578606
125.458221, -91.523987, 126.528580, -91.007614
126.546127, -90.440300, 131.138168, -90.179298
135.580017, -91.158211, 140.024277, -93.922485
144.278732, -94.752197, 148.307770, -94.827103
148.327423, -94.826401, 160.978668, -93.703201
104.116226, -96.910500, 104.742378, -96.821304
124.202698, -118.989372, 124.147804, -117.966423
124.156227, -117.956596, 126.839478, -117.845406
126.998528, -119.983398, 127.768173, -120.011597
127.778702, -120.020721, 127.860298, -120.480873
129.633194, -120.396477, 129.523499, -119.880028
130.592804, -119.851822, 130.646301, -120.255775
130.657532, -120.264198, 132.354477, -120.153000
132.362900, -120.143173, 132.281311, -119.739326
132.289734, -119.729500, 133.395676, -119.618301
133.406906, -119.626724, 133.460403, -119.974274
135.035553, -119.918076, 134.927353, -119.457924
136.305496, -119.345322, 136.387100, -119.861778
137.765991, -119.721077, 137.712601, -119.260925
137.719620, -119.250397, 138.462570, -119.140602
138.469589, -119.130074, 138.387909, -118.585526
138.396332, -118.575699, 140.627975, -118.323799
143.255005, -118.961273, 143.283096, -118.191528
147.785706, -118.736076, 147.757599, -117.853828
147.795532, -117.843300, 148.676376, -117.733505
156.876709, -109.861725, 157.070892, -112.179176
155.441162, -112.338127, 155.579727, -114.149078
155.589218, -114.162415, 155.741272, -114.238388
155.883377, -115.008820, 155.672226, -115.193085
157.271332, -109.614601, 177.186676, -108.033905
148.791931, -117.742096, 149.943573, -117.695404
149.942703, -117.794228, 150.561798, -124.858772
150.826202, -128.525223, 151.151398, -130.230774
151.161224, -130.237793, 151.923584, -130.117508
156.222000, -120.029724, 156.392502, -121.802376
158.898911, -121.487923, 161.256302, -145.889969
152.834702, -132.994324, 153.618591, -141.300766
154.375305, -141.254929, 154.470901, -142.153076
152.449722, -131.934189, 153.479080, -131.805908
153.490311, -131.814331, 153.585800, -132.810776
150.582474, -125.209404, 150.437317, -125.234497
150.623001, -125.159775, 150.592300, -124.887627
150.396805, -125.284126, 150.745789, -128.588181
152.145920, -129.538300, 153.254272, -129.431396
153.322174, -130.314011, 150.584427, -130.603699
150.576004, -130.614929, 150.813400, -133.363068
143.322632, -207.060593, 165.751968, -205.316406
161.326111, -145.935928, 162.942795, -162.909576
154.219406, -147.168732, 155.328491, -158.993576
156.128998, -158.916519, 156.222900, -159.694580
154.414474, -142.223206, 153.657822, -142.318893
153.649399, -142.330124, 154.029297, -146.203079
154.906906, -146.146225, 154.980591, -146.990372
154.972168, -147.001602, 154.215530, -147.097198
112.661003, -96.883179, 112.736595, -95.169525
114.747726, -94.852501, 116.307472, -94.890999
120.656479, -92.004501, 118.327026, -91.927498
118.308777, -91.928902, 116.402725, -92.195496
116.394302, -92.187775, 116.662300, -88.049423
116.661598, -88.031174, 116.548904, -87.433624
116.549606, -87.415375, 117.507591, -82.661224
117.500572, -82.652802, 109.475021, -83.267197
115.037376, -84.230705, 107.550621, -84.922096
106.416275, -82.614304, 103.855927, -82.843796
103.846802, -82.853622, 103.769798, -85.452477
163.126221, -162.998199, 186.328476, -160.966110
155.935806, -164.445831, 156.531494, -170.231674
156.772293, -164.246567, 156.772293, -163.428329
155.693604, -163.528366, 155.397202, -159.897232
155.404221, -159.886002, 156.045670, -159.769104
186.544434, -160.863403, 188.858871, -160.606903
188.870102, -160.615326, 188.978394, -161.966476
188.971375, -161.980515, 188.617722, -162.194290
188.934280, -166.497604, 188.395416, -166.605896
188.388397, -166.617126, 189.089493, -175.229767
189.100723, -175.239594, 189.673874, -175.276703
170.131729, -184.380692, 187.672073, -182.806900
164.186279, -185.144699, 135.283524, -188.186295
190.174728, -179.558899, 194.441269, -179.234207
195.873428, -179.104294, 196.340866, -179.088104
187.860901, -182.799622, 188.361389, -188.429977
175.576096, -173.691376, 175.414703, -171.998520
175.423126, -171.988693, 176.107178, -171.941803
176.224472, -173.655701, 175.587326, -173.723297
179.238892, -171.988281, 179.185608, -171.593628
181.953400, -171.370621, 181.987991, -171.743668
184.082489, -172.996674, 183.935699, -171.258423
184.476593, -171.202332, 184.607498, -172.959274
200.452271, -220.271011, 191.041626, -221.224899
199.486877, -206.957703, 198.413834, -207.068298
198.486023, -208.212494, 199.064178, -208.163803
201.362869, -210.493408, 198.702423, -210.737991
198.683701, -210.749222, 198.783997, -211.801666
196.377701, -179.072327, 198.028702, -208.125076
166.073929, -205.323090, 185.756866, -203.657303
196.125702, -181.678131, 196.217697, -182.945374
196.636780, -185.270004, 196.288727, -185.297791
196.278900, -185.309021, 196.355499, -186.606979
196.851273, -188.931595, 196.487930, -188.959412
196.564529, -190.094498, 196.973877, -190.079193
197.069473, -192.593948, 196.699722, -192.622253
196.777527, -193.742401, 197.176575, -193.722900
197.303177, -196.109802, 196.933319, -196.145889
197.011230, -197.471497, 197.381073, -197.451996
197.468674, -199.887497, 197.157227, -199.913895
197.140793, -199.962921, 197.185104, -201.105072
197.670380, -203.518204, 197.291031, -203.547394
197.281204, -203.558624, 197.345001, -204.751770
17.862677, -0.801500, 17.888924, -2.510500
18.009054, -4.123500, 18.061449, -5.752700
17.602123, -7.273103, 17.757576, -7.278100
14.546268, -17.751360, 14.644527, -17.780869
14.708999, -21.226412, 15.954190, -21.203775
1.010500, -22.238146, 2.458500, -22.173450
-6.066394, -31.049824, -6.008104, -33.733974
-0.085700, -76.512192, 9.795589, -75.923004
28.486025, -56.841045, 29.348976, -56.812351
33.156723, -56.604980, 34.019577, -56.460903
45.384323, -64.779495, 45.434364, -64.777374
45.452812, -64.775955, 57.029377, -64.177902
44.053810, -73.753426, 44.287800, -76.866478
44.628376, -82.247612, 43.877426, -82.321999
96.232910, -122.174126, 96.299400, -122.970772
93.812012, -142.974136, 93.893898, -143.904480
94.715508, -162.918137, 94.888901, -164.734879
94.094810, -151.011230, 94.202301, -152.262680
108.073921, -121.337997, 108.917374, -121.306000
110.857727, -121.217384, 111.725471, -121.055305
113.598526, -120.929588, 114.363274, -120.889801
100.937309, -199.788132, 101.026199, -200.625977
101.178719, -200.811234, 101.341393, -202.085266
101.117813, -202.466034, 101.176598, -203.198578
96.676849, -215.429184, 96.341110, -214.695221
99.719398, -221.777252, 99.012817, -222.202087
103.624069, -236.181595, 103.884789, -236.555679
103.713913, -238.290237, 103.747795, -238.905670
104.485008, -227.111176, 104.792877, -227.340088
72.168694, -263.706787, 71.344902, -249.412430
105.630493, -264.611176, 105.296005, -260.748627
105.400108, -241.166458, 105.626778, -241.306992
105.785706, -244.558075, 105.669418, -244.649292
114.391327, -257.021210, 117.027176, -256.848297
105.776093, -271.564301, 105.740005, -272.044067
105.927513, -272.876404, 106.113495, -275.877380
117.828201, -257.688324, 117.810699, -259.299286
131.431427, -259.600891, 133.120575, -259.499695
6.281443, -35.969875, 6.004150, -31.128925
-39.451626, -26.071909, -42.703976, -26.335697
-25.814123, -27.384377, -25.811176, -27.242424
193.977570, -251.982315, 193.058929, -252.096802
151.844223, -222.452515, 151.886902, -222.753983
109.541023, -174.109695, 110.377373, -174.052795
112.276222, -173.938797, 112.998573, -173.938797
115.947800, -174.706421, 116.007317, -175.235062
116.008736, -175.254929, 116.112900, -176.185379
94.837997, -157.761566, 94.837997, -156.721634
94.650787, -154.902161, 94.557503, -153.848221
95.156090, -153.733765, 95.062698, -152.174530
94.907600, -150.891678, 94.587753, -147.185135
94.584991, -145.601273, 94.521904, -144.072723
93.230202, -133.085480, 92.975243, -129.837051
116.197395, -96.507713, 120.119484, -93.146515
131.156509, -90.180725, 135.563171, -91.151192
126.849312, -117.853928, 126.988701, -119.974274
134.935135, -119.448090, 136.294266, -119.336899
136.398438, -119.870193, 137.757568, -119.730904
143.293030, -118.181694, 145.074371, -118.042404
155.751114, -114.251823, 155.888992, -114.993378
155.666626, -115.208626, 156.001495, -118.820572
153.629929, -141.309174, 154.364075, -141.246506
153.577271, -132.822021, 152.875931, -132.884796
154.040634, -146.211487, 154.895676, -146.137802
112.746521, -95.158981, 114.729477, -94.853905
189.685120, -175.286636, 190.126892, -179.527374
196.350693, -179.098038, 196.448105, -181.334976
176.117004, -171.951736, 176.234299, -173.644470
181.979462, -171.754913, 179.250122, -172.013992
183.944229, -171.247177, 184.466766, -171.193909
184.072128, -172.985016, 184.000229, -172.987793
198.404007, -207.079636, 198.476196, -208.204071
196.227631, -182.955200, 196.529572, -182.939896
196.365433, -186.616806, 196.744080, -186.601501
196.478104, -188.970734, 196.554703, -190.084671
196.923492, -196.157227, 197.001404, -197.461670
17.233925, 2.251366, 17.746977, 2.289837
17.637133, -2.529000, 17.715767, -4.104921
-15.493692, -48.931545, -7.850500, -48.613056
7.105294, -50.356079, 12.017291, -50.160656
29.279123, -56.371044, 33.020775, -56.195454
33.861725, -54.049992, 40.271873, -53.585991
91.598442, -122.376854, 91.725990, -124.263374
95.885872, -222.055267, 96.819092, -222.319229
100.557617, -217.392349, 101.291489, -217.074356
104.608963, -228.842010, 104.696434, -229.157684
105.355888, -265.556824, 105.494812, -265.416382
105.615799, -243.854538, 105.615799, -244.160568
-42.358791, -29.925724, -42.316010, -30.481876
93.314713, -135.208237, 93.347290, -135.733170
93.165688, -135.794968, 93.102608, -135.234238
83.753326, -99.165588, 90.187073, -98.764809
126.537003, -90.994179, 126.537003, -90.450226
140.041214, -93.929527, 144.260391, -94.750069
127.870926, -120.489288, 129.624664, -120.406311
129.532028, -119.870903, 130.581467, -119.842697
133.471741, -119.983398, 135.027771, -119.927200
156.396576, -121.735672, 158.887573, -121.479507
153.265045, -129.439926, 153.331055, -130.302673
155.339828, -159.001984, 156.117661, -158.908112
155.942917, -164.434586, 156.763779, -164.257812
156.762360, -163.419922, 155.704941, -163.536774
188.610718, -162.208435, 188.941284, -166.486267
179.194138, -171.583786, 181.942062, -171.362213
184.597565, -172.969101, 184.091995, -172.985016
196.689896, -192.632629, 196.767700, -193.732468
46.312744, -130.345993, 22.710970, -132.354645
46.379932, -130.354324, 47.470459, -142.920639
35.946644, -101.695908, 22.004063, -102.864403
22.610138, -132.269165, 5.235998, -133.826248
-19.533157, -135.532883, -45.036655, -137.673157
-8.317167, -104.806320, -21.714346, -106.029549
-24.904804, -106.197899, -39.470909, -107.643784
-1.398087, -104.667603, -2.091173, -96.883377
-2.154312, -96.875229, -8.602451, -97.301369
-54.673870, -98.700249, -54.461479, -102.049164
-54.469627, -102.058670, -64.444801, -102.965752
-25.537336, -98.604111, -25.417023, -99.527084
-25.424662, -99.536591, -28.719648, -99.862404
-32.203686, -99.094872, -32.083031, -100.017845
-32.090839, -100.028030, -32.972916, -100.188904
-34.739288, -99.299355, -34.618633, -100.263229
-39.728695, -99.626534, -39.608044, -100.713089
-39.615852, -100.722595, -42.092903, -101.007515
-34.626541, -100.273430, -35.426723, -100.393387
-61.108067, -148.577057, -61.886635, -139.626862
-60.794758, -151.013580, -60.094181, -159.027878
-60.184292, -160.636932, -59.461147, -168.713470
-64.565605, -102.987541, -68.670929, -103.381538
-71.229828, -103.495827, -91.148567, -105.471161
-61.896133, -139.618820, -80.752457, -141.253937
-44.328938, -137.779358, -41.602768, -166.983948
-81.073982, -141.294662, -89.358116, -142.128571
-118.453133, -96.448700, -117.360474, -111.618492
-97.152649, -133.580399, -96.703506, -137.873398
-97.161942, -133.508087, -98.624771, -133.698486
-98.835091, -143.160873, -123.528954, -145.474884
-89.367416, -142.120499, -89.880898, -137.441513
-158.353302, -148.408112, -174.190994, -149.843842
-123.958168, -145.774719, -123.119308, -153.738083
-78.037384, -161.168945, -77.375885, -167.999680
-157.251312, -168.120529, -168.169312, -169.333054
-168.177094, -169.343430, -167.737823, -172.970657
-88.471863, -183.910965, -86.854370, -202.393234
-120.006630, -165.245789, -83.348839, -161.823959
-163.311127, -250.523209, -89.714134, -243.910660
-164.537582, -250.779160, -161.759247, -279.716370
-188.659668, -250.419113, -186.994064, -270.777130
-81.702049, -228.450180, -80.666229, -240.186310
-154.431015, -114.717728, -169.531128, -115.988029
-150.206451, -158.788666, -147.406677, -158.564362
-146.615662, -163.074112, -144.310867, -162.806519
-144.133621, -164.100403, -143.339630, -164.100403
-147.397873, -158.571060, -147.141220, -161.661942
-144.302063, -162.813217, -144.142410, -164.092712
-157.159134, -134.873444, -167.360825, -135.963165
-171.742386, -344.143707, -135.271835, -339.157654
-142.986221, -172.800858, -147.302948, -173.206421
-142.977921, -172.781601, -142.648788, -176.232071
-172.639572, -344.095428, -171.842056, -344.182861
-156.282181, -347.800354, -172.122879, -349.941315
-168.493256, -374.318237, -152.934998, -372.335358
-149.825348, -371.900085, -133.928543, -370.062317
-129.237335, -334.179596, -107.730965, -331.788422
-152.445480, -347.137695, -137.524521, -345.251617
-3.864043, -30.950361, -5.389874, -33.493511
-6.323112, -46.175251, -4.207042, -46.090591
-3.686974, -46.434486, -2.844291, -47.192680
8.220860, -55.540024, 8.305316, -57.060604
8.311131, -55.534569, 9.406196, -55.534569
10.092577, -73.662659, 10.177238, -75.693741
41.615593, -53.418213, 59.311646, -52.190178
-70.609245, -121.369255, -92.730026, -123.629173
-68.035378, -110.308342, -39.395744, -107.642014
-24.794319, -106.148453, -21.820051, -106.028275
24.776812, -54.936218, 24.962509, -57.474648
21.861616, -102.729134, 21.458523, -97.315811
19.317760, -103.081123, 13.385159, -103.484215
23.519482, -54.787891, 23.708370, -57.619804
23.717545, -57.544746, 24.992561, -57.544746
24.749714, -54.647194, 24.789766, -54.926964
47.298641, -100.990089, 36.117607, -101.797562
54.573013, -100.430527, 47.371128, -101.051468
12.232374, -114.979271, 4.968392, -115.413696
-1.977637, -97.687599, 5.264513, -97.098473
7.079100, -96.889496, 8.665112, -96.786171
33.966335, -65.524330, 34.065083, -67.546577
34.070232, -65.568558, 36.439426, -65.420624
55.471359, -100.319283, 62.490070, -99.701782
78.244843, -94.330276, 77.924385, -90.628342
74.297783, -87.039940, 77.565849, -89.864632
17.446028, -114.352531, 15.176421, -116.787918
-5.759717, -116.347763, -13.688628, -116.957687
12.178864, -114.987190, 12.188581, -115.068123
12.189700, -115.077644, 12.341555, -116.342743
60.610828, -66.428421, 61.241600, -66.383415
31.473259, -113.257515, 33.646416, -114.576759
27.727888, -113.544128, 25.786758, -115.666130
-22.742706, -117.799774, -30.484663, -118.451035
27.739056, -113.504730, 31.372286, -113.252220
17.533226, -114.342232, 22.237679, -113.992340
-146.208542, -139.677383, -145.976135, -143.386322
-133.751404, -155.899551, -133.611954, -157.842178
-133.566849, -157.944077, -133.935944, -159.376770
61.246239, -66.387634, 61.268738, -66.926918
-133.937317, -159.385803, -133.890839, -160.956467
64.382347, -111.639008, 61.709084, -111.839485
-7.623574, -104.644905, -8.082747, -98.767555
-49.741100, -119.777992, -44.645496, -119.272827
61.701801, -111.843254, 60.031326, -113.780907
-44.637699, -119.275238, -42.943047, -120.695343
48.012791, -112.060188, 54.239010, -111.545189
54.290478, -111.596008, 54.383579, -113.087563
36.293339, -112.950867, 41.441368, -112.576500
15.240445, -117.728470, 15.147673, -116.940071
-5.745791, -116.439911, -4.952128, -116.969185
-54.656414, -98.643433, -54.742340, -97.840790
-54.651657, -97.836197, -51.705200, -97.605087
-115.974686, -125.324379, -106.412285, -124.576469
-120.042923, -165.261398, -121.272049, -153.988647
-121.223167, -153.877762, -122.979111, -154.036865
20.242373, -102.687531, 19.817701, -96.582008
-39.190403, -119.012703, -34.945618, -118.694359
-119.048981, -125.605331, -124.052284, -126.502090
-124.147202, -126.620529, -128.455887, -128.731415
-148.629669, -150.458252, -147.770935, -158.234711
-145.189072, -167.154419, -143.880737, -168.622299
-143.825195, -168.710403, -143.904327, -169.344757
-144.016037, -169.619217, -145.160980, -170.205093
-142.835953, -176.375427, -143.633713, -177.173172
-143.368866, -179.861389, -143.342056, -181.219498
-143.525208, -184.602081, -142.435165, -184.734833
-142.509171, -184.766129, -142.218155, -185.321335
-142.162628, -185.410095, -142.216232, -188.778580
-143.821350, -189.804276, -143.425690, -190.174423
-143.636261, -177.180969, -143.423111, -179.450333
-148.370438, -150.588882, -146.299942, -150.282288
-188.853180, -250.089935, -189.622742, -239.478500
-19.065840, -135.590012, -7.890177, -134.700485
-149.470856, -145.559158, -146.575577, -146.099091
-149.523026, -145.611923, -149.229065, -147.915680
-143.226822, -184.368179, -143.226822, -183.884567
-142.538712, -182.900101, -142.685104, -183.581665
-116.429001, -125.250679, -117.086639, -127.145943
-118.875008, -125.677711, -119.493240, -127.301224
-121.282043, -153.787399, -122.148849, -145.507172
6.992227, -96.843391, 6.900845, -96.234116
6.896484, -96.168953, 5.608751, -96.291733
-143.276306, -164.181793, -143.197220, -165.096573
-144.083450, -165.943848, -145.118607, -166.063065
-116.450912, -125.324844, -116.082222, -125.324844
66.036804, -125.737106, 67.855141, -125.555099
66.215981, -125.832336, 66.397987, -128.380661
-8.595128, -123.949776, 4.022882, -122.905479
4.983996, -133.872223, 4.636219, -129.178116
-8.511386, -124.040695, -8.163651, -128.822144
-144.918961, -196.691452, -144.329315, -202.703247
-144.889374, -196.685593, -143.233932, -194.553024
-143.622299, -194.184967, -143.179153, -194.156845
-143.207275, -192.975616, -144.381668, -192.919357
-144.385559, -192.887817, -144.468979, -191.797806
-144.439865, -191.763336, -143.486557, -190.250473
-140.798019, -205.014694, -142.296219, -207.055222
-88.761772, -181.824478, -89.468178, -173.752518
-128.611572, -128.867798, -129.964798, -129.680313
-142.298172, -207.061188, -141.882690, -213.158524
-143.234497, -194.548569, -143.623199, -194.186981
-143.175735, -194.153320, -143.203857, -192.979141
-143.177505, -165.178009, -144.007004, -165.296371
-144.058044, -165.299683, -144.128693, -165.842850
-142.572479, -202.909561, -141.884811, -203.673111
-186.351562, -275.478333, -185.022568, -292.831787
-161.637558, -280.605865, -160.603867, -292.670074
-161.743271, -280.061829, -161.743271, -280.452942
-108.560074, -106.780472, -108.913780, -102.005257
-108.544029, -106.983345, -92.412155, -105.765053
-67.441406, -121.244926, -67.754204, -121.825554
-69.240433, -121.960915, -69.956581, -121.289406
-67.757347, -121.827644, -69.236649, -121.962189
-18.960758, -117.569687, -22.640383, -117.807030
-68.194168, -110.321304, -86.726990, -112.103386
-92.748520, -123.648361, -92.716904, -124.016869
-128.718964, -112.761093, -130.587296, -115.903046
-130.589371, -115.990379, -133.859085, -118.198425
-133.946930, -118.284973, -136.408661, -119.388611
-117.347008, -111.686348, -128.674133, -112.526878
-59.667404, -120.213768, -59.277294, -123.754913
-59.275524, -123.786415, -49.907269, -122.945633
-67.475525, -121.083122, -59.759281, -120.212303
-94.939758, -123.714119, -94.872108, -124.256065
-187.524139, -238.416534, -187.918365, -235.557709
-187.920425, -235.556244, -190.778656, -235.556244
-106.400543, -124.575348, -94.970764, -123.685760
-186.941986, -239.547882, -184.413239, -270.418793
-199.341415, -205.568954, -198.837921, -210.493347
-167.047318, -227.979721, -158.924667, -227.214828
-167.064987, -228.014130, -166.348923, -235.110870
-157.393478, -234.995941, -145.471710, -233.787018
-204.567719, -189.913635, -197.673737, -189.051926
-197.672638, -189.050461, -198.706757, -180.604752
-129.801178, -129.536087, -131.234039, -130.406219
-147.782669, -162.881058, -147.629593, -164.668091
-144.867966, -204.009613, -145.371460, -204.696335
-145.372559, -204.743591, -145.692581, -205.200943
-146.336166, -205.568893, -146.793259, -205.751831
-143.354279, -205.339798, -144.316254, -206.118546
-144.317627, -206.119644, -145.004349, -206.714890
-145.051727, -206.807602, -145.784042, -207.173767
-145.785690, -207.174454, -146.380402, -207.403259
-137.885651, -233.141235, -137.694153, -235.152878
-139.227341, -232.852768, -138.509857, -232.948380
-138.124954, -232.997147, -137.934280, -233.235474
-142.028152, -237.609924, -140.565369, -236.966400
-140.622299, -236.965576, -138.749481, -236.146317
-138.630814, -236.028198, -137.694962, -235.384949
-158.167206, -238.428894, -151.464783, -237.897079
-157.904785, -238.400406, -158.421661, -235.446915
-170.926178, -313.794098, -165.310165, -313.169891
-164.545319, -313.169891, -161.703583, -312.823090
-164.883575, -303.722961, -162.735992, -303.633423
-164.436722, -303.902924, -164.347153, -305.871643
-171.616943, -312.015472, -161.292389, -311.259857
-175.143051, -311.952484, -171.681839, -312.204346
-176.338593, -317.685333, -175.445374, -329.366974
-227.357437, -347.368408, -226.761978, -354.118500
-187.244171, -335.354309, -185.655792, -354.515686
-179.499664, -353.127258, -178.705338, -364.841858
-180.889725, -332.971344, -180.691147, -338.927094
-180.691010, -339.325897, -180.492706, -340.714325
-180.492020, -340.715973, -179.996658, -341.409363
-179.995285, -341.609314, -179.301910, -342.005371
-178.307358, -341.906921, -178.110413, -342.005646
-177.811584, -342.701782, -177.712570, -343.295868
-177.711884, -343.694672, -177.315826, -344.189484
-177.115738, -344.388885, -176.224045, -344.289612
-175.626373, -344.289612, -174.536102, -344.190308
-174.137024, -344.289612, -173.642502, -344.289612
-176.251877, -344.288239, -175.650162, -344.288239
-174.440948, -344.288239, -172.631943, -344.087036
-134.635391, -333.694916, -132.308304, -333.522400
-132.134140, -333.867981, -131.531693, -334.298187
-131.443924, -334.385254, -130.928009, -334.557220
-130.753708, -334.643768, -129.634262, -334.557495
-129.459961, -334.470978, -129.202820, -334.385254
-134.549957, -333.781982, -134.377716, -335.505524
-134.291733, -336.369781, -134.377167, -336.540649
-134.464661, -336.628021, -135.066833, -336.799988
-135.154877, -336.800262, -136.705627, -336.972778
-135.280090, -347.386597, -134.034470, -356.916077
-178.507721, -341.807343, -179.647537, -341.807343
-179.649673, -341.807343, -179.895859, -341.807343
-178.109283, -342.006836, -177.911285, -342.501556
-134.377426, -335.507263, -134.291458, -336.195618
-136.706589, -336.973694, -136.706589, -337.575775
-145.574402, -205.031555, -146.334579, -205.568008
-138.507965, -232.948669, -138.126572, -232.996307
-132.306885, -333.523315, -132.135284, -333.866516
-158.307678, -148.376221, -158.013351, -151.202209
-147.487900, -137.356171, -146.965805, -137.773849
-146.685928, -138.228317, -146.512177, -138.506058
-127.705238, -233.154800, -127.586388, -233.630203
-127.387070, -233.949081, -127.070343, -234.186569
-126.433517, -234.345993, -125.560966, -234.464966
-147.532562, -236.240479, -147.403580, -237.444702
-185.035126, -292.895508, -184.789490, -297.491089
-184.517670, -298.199890, -183.217606, -298.085052
-183.216858, -298.084412, -183.255142, -297.396637
-195.589813, -345.381714, -193.296143, -345.260895
-199.998978, -345.683685, -197.644897, -345.502502
-204.347733, -345.985687, -201.812454, -345.804504
-201.750549, -346.529297, -200.664856, -346.408478
-176.362152, -350.281555, -172.127640, -349.935760
-179.827805, -352.008514, -179.901169, -351.298492
-179.680099, -350.855957, -179.337585, -350.488922
-178.845871, -350.316803, -178.356827, -350.267731
-177.889435, -350.366272, -177.596390, -350.537109
-156.283615, -347.821228, -152.463806, -347.219543
-145.718414, -334.209625, -139.508438, -333.470947
-133.376663, -368.468964, -134.019379, -360.112152
-181.044678, -332.776215, -174.326889, -332.131165
-174.218750, -332.184265, -174.487305, -329.390320
-191.246078, -315.398132, -191.670135, -310.308075
-165.769806, -238.920334, -158.217529, -238.454041
-127.693710, -233.149811, -127.763145, -232.686752
-127.693497, -232.081833, -127.647278, -231.827728
-127.585800, -233.631577, -127.387978, -233.948013
-179.336426, -350.488251, -178.847260, -350.317017
-178.355347, -350.267975, -177.915237, -350.341095
-146.964905, -137.775009, -146.686615, -138.226944
-127.069016, -234.187241, -126.435005, -234.345642
-201.811584, -345.805237, -201.751419, -346.528564
-179.900909, -351.297119, -179.680893, -350.857117
-127.763130, -232.685257, -127.693726, -232.083328
-158.388870, -151.947266, -158.325638, -152.516693
-158.325089, -152.517700, -157.945526, -152.770615
-157.944977, -152.771622, -157.881760, -153.341034
-147.386536, -237.461563, -147.312790, -237.638763
-202.001358, -315.633057, -193.395493, -315.095093
-152.876923, -372.357086, -149.832718, -371.911438
-102.677605, -344.076508, -102.102180, -353.283661
-101.756783, -356.392578, -101.066254, -364.103394
-101.526024, -356.392029, -100.721489, -356.276917
-137.077682, -345.414917, -136.548157, -345.414917
-136.104721, -345.592224, -135.751770, -345.856903
-135.663025, -346.211670, -135.839584, -346.829865
-136.635437, -347.626617, -135.309525, -347.449677
-191.575821, -365.327576, -191.370773, -368.607361
-176.564102, -317.102081, -176.501297, -317.856873
-144.801804, -237.757919, -144.488235, -237.569656
-144.424286, -237.505997, -144.173477, -237.255188
-125.516129, -234.467056, -124.292061, -234.561127
-95.650627, -174.530685, -94.857666, -183.253021
-106.762520, -107.285324, -106.656670, -110.565643
-106.232925, -111.731155, -106.021858, -112.047714
-147.311981, -237.639740, -147.149536, -237.772659
-193.394852, -315.094452, -193.394852, -314.378387
-136.546875, -345.415131, -136.105728, -345.591675
-135.751099, -345.857910, -135.663055, -346.210480
-106.656456, -110.566879, -106.233459, -111.730011
-139.132874, -118.644897, -137.115326, -118.014427
-137.114594, -118.014153, -135.727768, -117.446823
-226.749176, -354.893341, -217.456924, -354.141693
-226.749542, -354.187622, -226.681335, -354.870209
-160.468964, -295.581818, -160.346695, -297.700409
71.204224, -39.236938, 71.065239, -36.734875
-10.845347, -61.736954, -10.315197, -70.219421
-3.550153, -63.718220, -3.455180, -65.427681
-70.616264, -121.408310, -69.904854, -121.338417
-69.903862, -121.338341, -67.463821, -121.098679
-59.666439, -120.218002, -56.200584, -119.861908
4.765792, -97.138542, 4.707732, -96.364388
-157.929016, -158.220108, -157.791687, -158.952423
-157.791367, -158.952789, -157.333878, -159.090027
-157.745804, -153.777130, -156.921402, -162.937363
-155.449249, -137.327026, -150.509750, -136.816071
-127.652725, -231.832336, -127.517807, -231.540070
-147.135513, -237.815796, -147.006531, -237.880295
-146.992981, -237.893341, -145.814789, -237.776855
-160.359482, -297.628082, -160.238052, -299.853729
-179.640305, -304.686890, -179.562347, -304.946777
-179.562302, -304.973389, -179.588257, -305.259308
-179.822983, -305.415771, -180.082870, -305.337799
-181.984192, -311.666626, -181.828293, -311.848572
-181.828384, -312.109283, -182.062241, -312.213287
-193.245728, -345.354004, -193.174454, -347.420593
-183.196182, -393.374847, -173.847733, -392.714905
-178.713058, -364.886475, -178.404160, -371.465759
-157.256454, -348.059052, -157.328796, -348.456879
-157.328842, -348.457428, -157.328842, -348.891449
-160.877655, -348.565979, -160.660828, -348.746674
-160.624283, -348.747131, -160.515823, -349.036316
-102.264061, -341.775665, -102.671669, -342.183319
-102.671692, -342.183777, -102.366043, -342.591248
-135.277878, -359.953125, -134.053680, -359.983734
-231.788437, -348.016327, -227.365463, -347.676056
-127.517418, -231.539490, -127.382751, -231.404877
-160.515732, -349.036957, -160.515732, -349.289795
-157.333542, -159.090485, -157.165604, -160.224182
-157.165482, -160.224915, -157.150436, -160.326553
-179.588608, -305.259827, -179.822403, -305.415619
-181.828110, -311.849121, -181.828110, -312.108826
-142.916977, -181.224640, -142.739899, -181.419418
-142.722183, -181.454834, -142.651367, -181.631912
-151.004028, -236.612946, -147.538513, -236.250641
-160.596069, -292.685974, -160.471710, -295.579437
-188.423233, -334.118866, -188.358246, -334.040863
-188.358246, -334.040863, -188.176270, -334.027863
-188.163269, -334.040863, -188.046295, -334.092865
-188.046295, -334.092865, -187.955307, -334.157867
-187.955307, -334.157867, -187.877319, -334.261841
-187.877319, -334.261841, -187.877319, -334.339844
-177.190475, -350.399811, -177.232391, -350.797943
-177.232391, -350.797943, -177.211426, -350.923645
-185.658051, -354.547699, -185.543671, -356.116333
-157.220428, -348.057800, -157.250275, -348.266754
-157.250275, -348.266754, -157.250275, -348.266754
-157.250275, -348.266754, -157.250275, -348.654846
-157.250275, -348.654846, -157.190567, -348.923492
-166.024994, -343.329285, -166.009872, -343.011688
-166.009872, -343.011688, -166.070358, -342.588226
-166.070358, -342.588226, -166.145981, -342.346252
-140.137344, -337.732941, -140.288528, -336.069885
144.320297, -223.224030, 143.120499, -207.251160
116.550064, -87.413391, 117.507133, -82.663208
-120.004646, -165.245483, -83.350822, -161.824265
-92.748367, -123.650345, -92.717056, -124.014885
-197.672943, -189.048325, -198.706451, -180.606888
-140.620468, -236.964661, -138.751312, -236.147232
-179.651810, -341.807343, -179.893723, -341.807343
-201.748413, -346.529297, -200.666992, -346.408478
71.244873, -39.343853, 70.699997, -29.088293
71.195473, -28.935234, 70.947647, -22.050083
70.600693, -22.045719, 70.452003, -15.755370
70.441071, -16.148092, 70.285759, -5.022090
76.805229, -4.758260, 80.429512, -4.645877
80.459373, -4.700173, 80.403419, -3.550867
83.133217, -4.617616, 85.745018, -4.505272
85.805038, -4.308264, 94.351097, -4.027142
79.615784, 3.873985, 79.615784, 3.287172
79.617668, 3.257224, 81.076370, 3.313321
81.078110, 3.315297, 81.050278, 3.930234
77.311470, 4.016277, 78.910789, 3.819864
77.252319, 4.018085, 76.973106, 4.436797
80.407997, -3.604992, 82.848213, -3.492813
85.746902, -4.503195, 85.746902, -4.282100
93.886803, 5.276737, 93.851822, 3.496019
93.852798, 3.458176, 94.235611, 2.971001
94.238174, 3.004763, 97.418076, 3.109604
70.431801, -4.925386, 72.777817, -4.844486
123.485184, 11.091571, 122.710464, 11.052831
94.103569, 6.103964, 125.183754, 6.903831
123.531410, 11.114796, 123.473518, 12.732877
123.763344, 21.536022, 123.878448, 21.996273
123.356239, 22.808275, 122.838150, 22.808275
119.592979, 26.629435, 114.269524, 26.745171
112.587570, 26.687330, 106.916740, 26.745171
103.092628, 26.918915, 98.579720, 27.034649
96.550392, 27.092573, 94.005943, 27.092573
71.839157, -44.067318, 71.990105, -43.362667
123.878059, 21.999136, 123.416306, 22.864855
71.991669, -43.360081, 72.595840, -42.806221
14.661411, -12.342890, 16.175119, -12.269408
14.307010, -5.735126, 14.454067, -8.220308
14.293425, -5.630833, 15.233065, -5.586795
13.822402, 1.684718, 14.923956, 1.743476
14.925076, 1.744736, 14.895797, 2.198638
14.896906, 2.200006, 15.100599, 2.229109
14.661096, -12.344207, 14.777930, -16.389597
14.455438, -8.221474, 15.527452, -8.192106
15.101741, 2.230577, 15.072396, 3.037645
15.070823, 3.118684, 15.060898, 3.912268
15.059787, 3.913368, 14.574573, 3.913368
14.562421, 4.251565, 13.719104, 4.241640
17.193222, 5.786716, 17.568497, 5.789320
17.189980, 5.790576, 17.145687, 7.401694
17.146154, 7.409503, 17.419304, 7.421908
17.337957, 8.961317, 17.077322, 8.961317
17.019669, 10.607738, 17.298824, 10.618073
17.308609, 10.605812, 17.269732, 12.186305
17.080658, 8.962519, 17.018620, 10.606595
14.573437, 3.914568, 14.563558, 4.250376
17.420326, 7.423161, 17.339117, 8.960117
17.573679, 5.789793, 17.689869, 4.132216
17.158867, 3.848207, 17.150496, 4.092579
17.154264, 4.092241, 17.688669, 4.128706
16.771170, 12.175293, 16.771170, 14.023994
16.776701, 14.041037, 17.148369, 14.053033
17.149361, 14.054061, 17.137306, 15.699336
17.268749, 12.182063, 16.772261, 12.174313
17.421007, 15.761051, 27.566448, 16.013634
17.140310, 20.560972, 27.552414, 20.855671
27.556488, 16.007647, 27.588274, 15.205101
28.018370, 15.219225, 28.026299, 14.806912
28.027208, 14.806028, 28.710308, 14.821920
27.545736, 21.636869, 27.545736, 20.864269
27.586342, 21.637814, 27.941965, 21.657566
31.475420, 14.855311, 31.475420, 14.512276
32.044804, 16.138443, 32.052826, 15.434519
34.678314, 21.663263, 36.518368, 21.672956
36.519260, 21.671965, 36.519260, 21.092216
27.589300, 15.204237, 28.017361, 15.220089
32.028278, 16.151325, 42.833698, 16.451420
42.582298, 21.079382, 42.061825, 46.063404
46.493889, 25.502329, 46.531239, 24.381609
46.942051, 13.650561, 46.973595, 12.704022
47.006023, 13.651377, 48.521461, 13.682950
32.404049, 21.050167, 36.518368, 21.109787
36.520153, 21.109821, 42.578957, 21.197620
42.580742, 21.197655, 42.721535, 21.199688
36.602413, 15.638659, 35.007168, 15.611158
36.616898, 16.257360, 36.630608, 15.625609
27.976601, 22.021849, 27.976601, 21.635143
27.977295, 22.084652, 28.767616, 22.100149
32.378273, 21.726414, 32.414536, 21.086199
32.377552, 21.763424, 31.991558, 21.763424
31.978064, 22.211283, 31.277321, 22.162966
46.360882, 28.795969, 47.875206, 28.819626
47.875927, 28.818945, 48.017971, 25.599447
31.990849, 21.764217, 31.978771, 22.210642
48.017204, 25.598707, 46.479298, 25.504061
42.233131, 48.617237, 42.122360, 53.381165
42.065342, 46.503323, 40.904846, 46.466488
42.065937, 46.484310, 42.065937, 45.876999
40.935673, 48.630131, 42.225681, 48.642914
40.922852, 46.467751, 40.941132, 48.623283
46.190693, 44.382088, 50.007710, 47.913124
45.788258, 52.542839, 46.532230, 51.798866
45.788937, 52.558887, 48.922260, 55.769089
42.109554, 54.780540, 43.255253, 54.800533
46.203529, 44.337559, 46.381935, 28.796694
42.125214, 53.257797, 42.125561, 53.183544
42.118198, 54.780300, 42.125214, 53.258591
43.301563, 59.747047, 39.631969, 59.732250
43.266808, 59.726616, 43.277431, 54.777283
46.028461, 60.746304, 46.070950, 58.101887
46.028316, 60.704151, 42.565918, 64.028481
42.570732, 65.335175, 42.585522, 64.034248
42.426712, 70.848648, 43.480145, 70.885406
39.687111, 66.059776, 39.731155, 59.732948
42.598061, 64.072487, 42.574524, 65.002434
42.574501, 65.003029, 42.426525, 70.848351
49.714569, 56.510551, 48.906902, 55.757645
49.728409, 56.510555, 50.453918, 55.894558
50.453926, 55.894421, 49.180733, 54.498009
47.817211, 54.640778, 47.245338, 55.141171
43.492218, 70.846252, 43.623653, 64.760658
43.667084, 64.714081, 47.009144, 61.250244
47.891384, 73.480682, 45.924889, 75.314598
39.517403, 66.502480, 39.702419, 66.492203
39.702515, 66.492096, 39.681946, 65.998383
39.527588, 66.512886, 39.362953, 75.289902
47.009220, 61.249973, 47.212173, 55.188313
49.146339, 54.340912, 52.507988, 51.181774
52.507988, 51.202026, 53.905296, 52.558834
53.885048, 52.558834, 54.695084, 51.688046
46.576832, 24.316637, 49.537865, 24.498854
83.745461, 58.380539, 83.806259, 57.711769
83.806259, 57.711769, 90.250771, 57.772564
98.540039, 56.966461, 98.807678, 41.443115
